Mean vector being used is: [0.6547220770155255, 0.9176980987544117]
Covariance matrix being used is:
[ 3.42913802  0.32564668]
[ 0.32564668  2.98529986]
Mean vector being used is: [0.4621230150303445, 0.43072961730259063, 0.45938288875288646, 0.5086472679858052, 0.7487079910069188, 0.24286154923944236]
Covariance matrix being used is:
[ 7.52388077  0.17601307  1.02177987  0.61207696  1.51302776  1.360758  ]
[ 0.17601307  6.60161634  1.40828002  0.70994655  1.08846678  0.19005858]
[ 1.02177987  1.40828002  6.39738937  1.21505521  0.84495701  0.85107394]
[ 0.61207696  0.70994655  1.21505521  7.14709471  1.19834169  1.68515629]
[ 1.51302776  1.08846678  0.84495701  1.19834169  6.44536635  1.2208434 ]
[ 1.360758    0.19005858  0.85107394  1.68515629  1.2208434   7.5547529 ]
Mean vector being used is: [0.9977900032356847, 0.182411804422152, 0.6728845288845332, 0.30603785848341536, 0.39507760375435674, 0.3551536145392671, 0.27910458829369045, 0.4367090987434118, 0.6984383579532553, 0.37147549032287575, 0.18072109071982945]
Covariance matrix being used is:
[ 11.69310565   0.81952246   0.59181444   1.09940724   1.34483196
   1.54203784   1.35863102   1.07666211   1.65900099   0.30762857
   0.64497749]
[  0.81952246  11.01101282   1.05524807   0.82330602   1.78712301
   1.35824122   1.66258144   0.86715714   0.89626037   0.40332331
   0.43736845]
[  0.59181444   1.05524807  11.12962478   0.61113716   0.63819633
   0.96310632   1.15148563   0.94017409   0.98232833   0.86386675
   0.98643626]
[  1.09940724   0.82330602   0.61113716  11.79232208   0.69539458
   0.51819535   0.93528135   1.70008566   1.53367517   0.74786268
   0.87501084]
[  1.34483196   1.78712301   0.63819633   0.69539458  11.67535854
   1.26505358   0.7772433    0.39304505   0.70053662   0.97518349
   0.272302  ]
[  1.54203784   1.35824122   0.96310632   0.51819535   1.26505358
  11.9211436    1.08521132   1.78223567   1.19664749   0.85017711
   0.63102717]
[  1.35863102   1.66258144   1.15148563   0.93528135   0.7772433
   1.08521132  12.61914118   0.97861811   0.86127863   1.60710465
   0.3970986 ]
[  1.07666211   0.86715714   0.94017409   1.70008566   0.39304505
   1.78223567   0.97861811  11.61068157   0.98462771   0.960862
   0.93414618]
[  1.65900099   0.89626037   0.98232833   1.53367517   0.70053662
   1.19664749   0.86127863   0.98462771  11.24137773   0.59845207
   0.70130034]
[  0.30762857   0.40332331   0.86386675   0.74786268   0.97518349
   0.85017711   1.60710465   0.960862     0.59845207  12.17773606
   0.45600511]
[  0.64497749   0.43736845   0.98643626   0.87501084   0.272302
   0.63102717   0.3970986    0.93414618   0.70130034   0.45600511
  12.95520615]
Mean vector being used is: [0.5882831672435936, 0.4307605671615632, 0.31630873034426765, 0.3569487696731384, 0.37956427497662115, 0.9279080118232128, 0.27393713582409585, 0.8130460415080736, 0.8979738451097411, 0.09952806820676185, 0.21397463740616873, 0.19144031146246154, 0.9242094564596215, 0.9732764260587281, 0.34443193271973827, 0.30924559432319676, 0.20204320309483303, 0.6457419640010856, 0.24226111714805432, 0.4403083548288983, 0.5371461725046393, 0.08056989211385768, 0.8251996718551605, 0.15137520022965012, 0.17211798112616816, 0.29197553208680727, 0.8351745862792685, 0.5179904621570038, 0.0028253637438591106, 0.2815501714231424, 0.5489647681866802, 0.6309673939571355, 0.7844549086040811, 0.2946888145652513, 0.4085941410451347, 0.6378786288074537, 0.7621673208776714, 0.5634441424818123, 0.5945539472780501, 0.5169788353111231, 0.36833215712552503, 0.382376151486995, 0.7427945304072991, 0.4938268558255364, 0.8508613894927414, 0.05488761208802151, 0.02890843926669384, 0.818911588063678, 0.3338969872640949, 0.1841848126841391, 0.33389798937467574]
Covariance matrix being used is:
[ 52.63394866   1.15489362   0.89535502   0.11301624   1.00227604
   1.2690525    1.17611605   0.83249477   0.83015274   0.30637705
   1.4772059    1.20401729   0.63432091   1.43197855   1.38514493
   1.10207904   0.5031076    1.73735068   1.22830872   1.14404434
   0.85611492   0.86239908   1.28536794   0.6906999    0.37444636
   0.06665585   1.36906841   1.05092844   0.38384711   0.75897077
   0.67232701   1.16227317   0.43121508   0.85505761   1.01387029
   1.35835323   1.16091017   1.91107534   1.02537609   0.08153302
   0.97508323   1.68200467   1.41745398   0.9907322    1.01174791
   0.51153935   0.25464314   1.09330618   0.48301255   1.25614583
   0.78796759]
[  1.15489362  52.33589331   0.11042097   1.04569963   1.27069766
   0.75783075   0.67682601   1.67794523   0.18134973   0.87741078
   0.83216269   1.47546319   0.79597051   1.3508194    1.15053228
   0.63413835   0.98418483   0.57526693   1.78412198   1.09553364
   0.60128987   0.49692402   0.38518509   1.19762859   0.67973059
   0.56090582   0.83600389   0.98962206   0.4853517    0.81786353
   0.46220569   1.14329799   1.09316166   0.63548625   0.21983851
   0.62764642   0.44867045   1.07076349   0.98735153   1.17239344
   1.19170428   1.01679646   1.2012033    1.17481485   0.98981531
   0.42922442   0.72570507   1.29471736   0.99783294   1.63105406
   1.51296325]
[  0.89535502   0.11042097  51.15781772   1.46062061   1.16726026
   1.6461859    0.8998187    1.22021005   1.00647635   0.32097898
   1.64260666   0.71497928   1.23536491   1.1256929    1.01955953
   1.47811826   1.36558108   0.65866835   1.50743592   0.66521986
   0.84853103   0.87682176   0.94440164   1.63600216   1.0356972
   0.75045905   0.27350126   0.44536483   1.16856973   1.27592211
   0.37907416   1.38910521   0.93722749   0.74056471   0.26088991
   0.7396594    0.99736259   1.26478283   1.01082446   1.56097249
   1.63039971   0.64165754   1.13445714   0.15385244   1.09122378
   0.42437707   0.95603331   0.39156845   1.04669635   1.03735419
   0.73922896]
[  0.11301624   1.04569963   1.46062061  51.76680087   0.97552042
   0.98546361   1.05462317   0.2523192    0.66648972   1.30868191
   0.92412247   1.01707888   0.91132514   1.23309611   0.65675692
   1.39094848   0.56411891   1.57447042   0.82939265   0.64185403
   1.04746805   0.96830262   1.37032678   0.37883627   1.20882833
   1.02976395   0.85811726   1.47583659   0.54407584   0.37654631
   1.0772376    1.19756231   1.1209587    1.12834523   1.01356875
   0.37391325   1.16327302   0.89905135   1.17590237   0.22927937
   0.9480162    0.93851301   1.25756627   1.12934247   1.51667789
   0.5470873    1.24622449   1.44975602   0.91685824   0.26715031
   1.28737761]
[  1.00227604   1.27069766   1.16726026   0.97552042  51.68745422
   1.21354754   0.95345857   1.54348311   0.27297626   1.09556222
   0.74245778   1.03235345   1.51642331   0.89131354   0.41436725
   0.94744732   0.05813671   0.41218174   1.21099306   0.43627737
   0.70145779   0.87887127   0.64991867   0.77836067   1.06598611
   0.29344614   1.37101983   0.92722074   1.521536     1.75121965
   0.47064273   0.96440975   0.70783148   1.54429327   0.82869647
   1.06107775   1.4706942    1.64179649   1.8194671    0.6591087
   0.66540955   0.57343685   0.80961645   1.07246434   1.20042043
   0.8968711    1.01690232   1.00809321   1.11750403   0.64439029
   0.71954283]
[  1.2690525    0.75783075   1.6461859    0.98546361   1.21354754
  52.39780966   0.47129624   1.17015498   0.75042033   0.54480276
   0.6393689    1.52353305   1.15127412   1.28092454   1.05759617
   1.00230973   1.06526696   1.28640722   0.60270657   0.71456412
   1.10879986   1.2370257    1.07099272   0.94941506   0.57233638
   0.64767021   0.98551076   0.56214386   0.48676471   1.52362944
   0.45090215   1.23541863   0.8060616    0.91313474   0.8838955
   0.78942645   0.88947098   0.90090328   0.97066651   1.61997907
   1.5580489    0.39810421   0.58655426   1.58161434   0.8321777
   1.14416323   1.30473934   0.42687344   1.12550054   0.80869197
   1.66538634]
[  1.17611605   0.67682601   0.8998187    1.05462317   0.95345857
   0.47129624  52.3370939    0.9794374    0.97826734   1.50951169
   0.78372747   0.95716608   0.66951062   0.57209021   0.71331228
   1.71560214   1.25505167   0.73844865   1.19188938   1.51570809
   0.7602014    1.48305769   1.12524423   0.78601658   0.39177264
   1.28910957   0.83752701   0.96863926   0.8608607    1.06328035
   1.74090727   0.90084453   1.18954416   1.24429372   1.15749535
   0.9446361    0.35118274   1.27754498   1.20505441   0.72689354
   1.2911066    0.71321316   0.45471953   0.29588053   0.61750348
   0.75110805   0.51882392   0.48805551   0.72493385   1.19765268
   0.97302884]
[  0.83249477   1.67794523   1.22021005   0.2523192    1.54348311
   1.17015498   0.9794374   51.08848522   0.96659056   0.13325282
   0.66703337   1.40846014   0.72139857   1.40336142   0.95592192
   0.80990773   1.3625666    0.72929803   1.19138333   0.81638057
   0.63110474   0.99378619   1.1966349    1.08652257   1.27891317
   1.03684773   0.70925327   1.07853773   1.32513426   1.62742351
   0.85154903   1.18823286   1.03790305   1.30220283   0.57504308
   1.06663826   1.22206741   1.26557739   0.81843217   1.09302971
   0.87432035   1.28233635   1.0292055    0.45769824   0.74496553
   0.92268756   1.10523218   0.88941285   1.57818709   1.54446778
   0.48257534]
[  0.83015274   0.18134973   1.00647635   0.66648972   0.27297626
   0.75042033   0.97826734   0.96659056  52.4448682    0.85589798
   1.45778718   0.97071788   0.80679697   0.72076009   1.14731894
   1.55411282   0.59495289   0.55523605   0.81584965   1.79449192
   0.49666147   1.76499831   1.74558092   0.97633193   0.74402704
   1.16223482   1.38238865   0.54906782   0.44832534   0.1615318
   0.59485366   0.93007783   0.50871919   0.91672248   0.73360493
   1.06867492   1.0448177    1.07516963   1.41445331   1.09432239
   1.53194539   1.06374978   1.55470043   1.4629457    1.60024625
   1.50449194   0.86718805   1.69453311   1.22006878   1.58665144
   1.38921642]
[  0.30637705   0.87741078   0.32097898   1.30868191   1.09556222
   0.54480276   1.50951169   0.13325282   0.85589798  51.17317714
   0.68902383   0.11181394   0.4236638    0.7165625    1.20697226
   1.03849659   0.26060325   0.99837131   1.00337047   0.77199074
   0.95719336   1.32583489   1.35970164   1.18846015   0.7938746
   1.96321786   0.56076607   0.47728808   0.32959078   1.08623721
   1.23165911   0.53543199   0.85276328   0.78334793   0.27569491
   1.01018298   0.75654588   1.69380297   0.9657718    1.15074525
   0.36377041   1.5482812    1.85729862   0.9659065    0.70277311
   1.14757941   0.11732969   0.44616463   0.93181732   1.3164782
   1.50492984]
[  1.4772059    0.83216269   1.64260666   0.92412247   0.74245778
   0.6393689    0.78372747   0.66703337   1.45778718   0.68902383
  52.24330763   1.19767018   0.60906952   1.33445151   0.71562162
   1.0441891    0.46701678   0.71678165   0.92241241   1.25850116
   0.98622497   0.28989005   0.67326934   0.2497388    0.46434562
   0.91490052   1.34425546   1.0756227    0.59006134   1.36298758
   1.43912477   1.36264569   0.50418034   1.78451861   0.16123      1.34379831
   1.12042633   1.12763941   0.95231811   1.58374453   0.45594682
   1.19673618   0.6514166    0.81655309   0.93221115   1.31284648
   0.86718019   0.80628365   0.91735122   0.80451194   0.55572834]
[  1.20401729   1.47546319   0.71497928   1.01707888   1.03235345
   1.52353305   0.95716608   1.40846014   0.97071788   0.11181394
   1.19767018  51.8002989    0.23798442   0.30993998   0.61909621
   0.2455102    0.77045802   1.5311942    1.78141031   0.59893986
   0.89385248   1.34385404   0.79920693   1.29030715   1.00090624
   0.88341809   1.04435866   1.08214809   1.0368647    0.63695468
   1.02417272   0.79080578   0.1605547    0.93471554   0.76446735
   1.13445854   1.16733517   1.30636193   0.2399123    0.52766902
   0.53159573   0.52525303   0.77769985   0.74273849   0.43324244
   1.17475558   0.99808467   1.19047083   1.54123847   1.03435637
   0.90406275]
[  0.63432091   0.79597051   1.23536491   0.91132514   1.51642331
   1.15127412   0.66951062   0.72139857   0.80679697   0.4236638
   0.60906952   0.23798442  52.62312547   1.33963383   0.34456124
   1.75696109   1.04245211   0.69934721   0.49140407   1.57320165
   1.57076056   0.97722048   1.80551649   1.40004264   0.57792039
   0.89691499   1.11357728   1.16094649   0.43955734   0.74773078
   1.1584987    1.23597959   0.96807851   0.58895372   1.40822564
   0.92613803   0.99214819   1.20688129   1.07748538   1.18445996
   1.87709027   1.74282299   1.89656496   1.38380879   1.07562844
   1.22541738   1.865356     0.83069091   1.12610329   0.45289993
   1.93745919]
[  1.43197855   1.3508194    1.1256929    1.23309611   0.89131354
   1.28092454   0.57209021   1.40336142   0.72076009   0.7165625
   1.33445151   0.30993998   1.33963383  52.00235208   0.73449822
   0.88629212   1.22034465   1.87874507   1.50034504   0.97069102
   0.97258819   0.84830665   1.26974677   0.88763767   1.05829387
   0.41327891   1.48468968   1.0828137    0.55924607   0.58499084
   1.71604594   0.42885348   1.15869279   0.20627744   1.12243666
   1.40412609   1.77369429   0.5885111    1.02124295   0.98404553
   0.65237006   0.78385697   0.71513378   1.06732861   0.95866777
   1.09508056   0.82070495   1.33802605   0.43871259   1.08742176
   0.67606134]
[  1.38514493   1.15053228   1.01955953   0.65675692   0.41436725
   1.05759617   0.71331228   0.95592192   1.14731894   1.20697226
   0.71562162   0.61909621   0.34456124   0.73449822  52.80834592
   1.10645101   1.22865592   1.16643499   0.69684097   0.3562145
   0.93222303   1.47362751   1.03977722   0.31888843   0.63957554
   0.65836545   1.10028254   1.39122513   0.48000729   0.82125481
   1.66044702   0.89864004   0.79166244   1.29624273   1.72455736
   0.40404559   1.68457622   0.5318967    1.19381515   1.27370661
   1.28090195   0.87207968   0.92889577   0.54042307   1.73326438
   0.71177131   1.17986453   1.65568018   0.30830841   0.93147791
   0.38022772]
[  1.10207904   0.63413835   1.47811826   1.39094848   0.94744732
   1.00230973   1.71560214   0.80990773   1.55411282   1.03849659
   1.0441891    0.2455102    1.75696109   0.88629212   1.10645101
  51.27084033   0.49390723   1.20920302   1.18380922   1.52772932
   0.86049069   1.94028197   0.81497521   1.31846555   1.16524527
   1.70172495   0.96410279   1.15409031   0.97511286   0.53110933
   0.24499123   1.79358847   1.05733254   1.45136493   0.96360055
   0.89026198   1.1577675    1.392259     1.58966139   0.1065285
   1.55438673   1.82122367   0.32583755   1.3169446    1.03642801
   0.53827884   1.1781292    1.84199409   0.80249178   1.21879128
   1.5360288 ]
[  0.5031076    0.98418483   1.36558108   0.56411891   0.05813671
   1.06526696   1.25505167   1.3625666    0.59495289   0.26060325
   0.46701678   0.77045802   1.04245211   1.22034465   1.22865592
   0.49390723  52.07357233   1.36537021   0.32491486   0.86667913
   0.2519527    0.78224603   1.15909451   1.21692696   0.87668141
   0.9591148    0.97222756   1.26443904   0.43012467   0.95275967
   1.45180705   0.3632052    0.84270374   1.11422732   1.15084646
   0.51854676   0.89257706   1.0658677    0.21796079   0.95513978
   1.39010116   1.78190955   1.03272109   1.61232754   0.8935799
   0.91867237   1.10629566   1.13183881   1.38862607   1.39107956
   0.82179724]
[  1.73735068   0.57526693   0.65866835   1.57447042   0.41218174
   1.28640722   0.73844865   0.72929803   0.55523605   0.99837131
   0.71678165   1.5311942    0.69934721   1.87874507   1.16643499
   1.20920302   1.36537021  51.58415774   0.71560112   0.72065864
   1.16925882   0.35119535   0.64092127   1.14775539   0.97683826
   1.64721434   1.07133809   1.61969067   1.38605043   0.94420302
   0.7946622    1.00783742   1.06190472   1.18597386   0.45611937
   1.04017068   0.87238036   0.47436895   0.84755462   0.99849807
   1.44853436   1.04922216   0.30541845   0.52644744   1.46964792
   1.49465697   1.39515033   0.65582086   0.61375939   0.76010306
   0.61809368]
[  1.22830872   1.78412198   1.50743592   0.82939265   1.21099306
   0.60270657   1.19188938   1.19138333   0.81584965   1.00337047
   0.92241241   1.78141031   0.49140407   1.50034504   0.69684097
   1.18380922   0.32491486   0.71560112  52.58016961   1.3713173
   1.0105118    0.51686087   0.87648558   0.63309381   1.13808006
   1.48657506   0.59527661   1.09053204   1.17506047   0.32295634
   0.98969943   1.50773323   1.24471704   0.98996775   0.60149252
   1.17613124   0.88976041   1.25979648   1.74496101   1.1521991
   0.88189943   0.5515481    1.51186028   0.41587895   0.13275284
   0.99101807   1.50915442   0.74996854   0.88936938   0.93359043
   1.38091216]
[  1.14404434   1.09553364   0.66521986   0.64185403   0.43627737
   0.71456412   1.51570809   0.81638057   1.79449192   0.77199074
   1.25850116   0.59893986   1.57320165   0.97069102   0.3562145
   1.52772932   0.86667913   0.72065864   1.3713173   51.64121058
   1.39588993   1.09926991   1.21879988   1.68623551   0.74065655
   1.0838264    0.60037241   1.35367247   1.4013926    0.6670891
   1.13330569   0.99855636   1.21824966   0.91352137   1.69492141
   1.22994128   0.74363072   0.48863017   1.58091516   0.68805195
   0.89785469   0.90205037   0.57905204   0.89384058   1.37592343
   0.69907057   1.38374368   1.40658852   1.54687375   0.80416534
   0.64836971]
[  0.85611492   0.60128987   0.84853103   1.04746805   0.70145779
   1.10879986   0.7602014    0.63110474   0.49666147   0.95719336
   0.98622497   0.89385248   1.57076056   0.97258819   0.93222303
   0.86049069   0.2519527    1.16925882   1.0105118    1.39588993
  51.89841453   1.73919859   1.26036156   1.03753737   0.54828895
   0.9906662    0.53673594   0.98171157   1.80807897   1.4217104
   1.52060204   0.24793203   0.64945198   1.40441075   0.9382704
   1.32479965   0.43641427   0.36154133   0.78698878   1.27177044
   1.65212091   0.92329003   1.7386537    1.34813472   0.57716197
   0.7933972    0.46182091   0.87397007   1.2878227    1.62236889
   1.11751357]
[  0.86239908   0.49692402   0.87682176   0.96830262   0.87887127
   1.2370257    1.48305769   0.99378619   1.76499831   1.32583489
   0.28989005   1.34385404   0.97722048   0.84830665   1.47362751
   1.94028197   0.78224603   0.35119535   0.51686087   1.09926991
   1.73919859  51.49252263   0.48629439   0.81043906   0.9922837
   0.67580849   1.22323563   1.31243436   0.91811536   0.59093924
   0.78223358   1.53120291   0.85560294   1.16177432   1.11608594
   0.98301376   0.97493653   0.63007828   1.21441171   0.90416257
   0.20455297   1.4298227    1.10044104   1.56567344   1.06212707
   1.01834525   0.57787837   0.18955875   0.92243106   0.81251955
   1.00224508]
[  1.28536794   0.38518509   0.94440164   1.37032678   0.64991867
   1.07099272   1.12524423   1.1966349    1.74558092   1.35970164
   0.67326934   0.79920693   1.80551649   1.26974677   1.03977722
   0.81497521   1.15909451   0.64092127   0.87648558   1.21879988
   1.26036156   0.48629439  52.66771355   1.70506385   0.86080624
   0.7896825    1.0549861    0.99204776   0.20169836   1.12462858
   0.9741454    1.16014674   0.86829466   0.99344563   1.33556076
   1.5840412    0.95025026   1.07607996   1.01135329   0.36105771
   0.71272492   1.21551177   0.1456046    1.63893186   1.41839993
   1.0506617    0.34040526   1.14645163   1.14631768   1.15897515
   0.94231462]
[  0.6906999    1.19762859   1.63600216   0.37883627   0.77836067
   0.94941506   0.78601658   1.08652257   0.97633193   1.18846015
   0.2497388    1.29030715   1.40004264   0.88763767   0.31888843
   1.31846555   1.21692696   1.14775539   0.63309381   1.68623551
   1.03753737   0.81043906   1.70506385  52.60592908   1.42736758
   0.75526228   1.05320917   1.8689598    1.404369     1.02121611
   1.66299212   0.45042527   0.43832909   0.79045836   0.65861004
   0.49829087   0.21500292   1.71262873   1.21130067   1.05401927
   0.93899594   0.44135661   0.79105086   0.85158393   1.42219627
   1.08770065   1.08433284   1.1169725    1.52204159   1.19119342
   1.69789462]
[  0.37444636   0.67973059   1.0356972    1.20882833   1.06598611
   0.57233638   0.39177264   1.27891317   0.74402704   0.7938746
   0.46434562   1.00090624   0.57792039   1.05829387   0.63957554
   1.16524527   0.87668141   0.97683826   1.13808006   0.74065655
   0.54828895   0.9922837    0.86080624   1.42736758  51.16642179
   1.07882031   1.30164705   0.6196839    1.21837373   1.40940647
   0.74026177   1.32648664   1.1928192    1.01117856   1.13931437
   1.78961524   1.10661542   1.10323024   0.44856165   0.34291948
   1.11947277   0.84589343   0.88099822   1.63617834   0.64657146
   0.21321689   0.99381156   1.02054301   0.41974971   1.38289618
   1.26159794]
[  0.06665585   0.56090582   0.75045905   1.02976395   0.29344614
   0.64767021   1.28910957   1.03684773   1.16223482   1.96321786
   0.91490052   0.88341809   0.89691499   0.41327891   0.65836545
   1.70172495   0.9591148    1.64721434   1.48657506   1.0838264
   0.9906662    0.67580849   0.7896825    0.75526228   1.07882031
  51.36108281   1.00149855   1.17311895   0.98941088   1.11549471
   0.4855351    1.19409821   0.67437754   1.0317605    0.95135357
   0.95061233   0.91561117   0.34195084   1.24062877   1.57424771
   0.96851973   0.22615544   0.42707076   0.82693148   0.07816755
   1.75283453   1.12833144   0.95592856   1.45278637   0.43211452
   1.85091306]
[  1.36906841   0.83600389   0.27350126   0.85811726   1.37101983
   0.98551076   0.83752701   0.70925327   1.38238865   0.56076607
   1.34425546   1.04435866   1.11357728   1.48468968   1.10028254
   0.96410279   0.97222756   1.07133809   0.59527661   0.60037241
   0.53673594   1.22323563   1.0549861    1.05320917   1.30164705
   1.00149855  52.57864274   0.41176045   0.79506643   0.86324397
   0.85834542   0.47656392   0.47285948   1.01184403   0.99469649
   0.15491806   0.88246068   1.20605867   0.40902131   1.02254109
   1.09906772   0.39854991   1.51077489   0.97077092   0.83370728
   1.15765172   1.47506267   1.49931307   1.81324276   1.73047289
   0.58896225]
[  1.05092844   0.98962206   0.44536483   1.47583659   0.92722074
   0.56214386   0.96863926   1.07853773   0.54906782   0.47728808
   1.0756227    1.08214809   1.16094649   1.0828137    1.39122513
   1.15409031   1.26443904   1.61969067   1.09053204   1.35367247
   0.98171157   1.31243436   0.99204776   1.8689598    0.6196839
   1.17311895   0.41176045  52.26446865   1.65302553   1.17093193
   0.33551312   0.2071653    0.90716428   1.51543555   0.33477389
   0.63643695   1.08719825   1.38751178   0.19358663   1.19692123
   0.70333563   0.4154323    1.42054149   1.82111208   1.81123387
   0.41539858   0.14464719   0.8548149    0.7338684    0.45881443
   1.09830974]
[  3.83847114e-01   4.85351703e-01   1.16856973e+00   5.44075839e-01
   1.52153600e+00   4.86764710e-01   8.60860704e-01   1.32513426e+00
   4.48325339e-01   3.29590783e-01   5.90061343e-01   1.03686470e+00
   4.39557344e-01   5.59246070e-01   4.80007286e-01   9.75112858e-01
   4.30124673e-01   1.38605043e+00   1.17506047e+00   1.40139260e+00
   1.80807897e+00   9.18115361e-01   2.01698362e-01   1.40436900e+00
   1.21837373e+00   9.89410876e-01   7.95066432e-01   1.65302553e+00
   5.10230435e+01   8.09014474e-01   5.78693171e-01   5.25537450e-01
   1.10262157e+00   1.58769956e+00   9.55285724e-01   4.12816618e-01
   1.62314671e+00   6.45729367e-01   6.63594918e-01   1.25451974e+00
   1.77554726e-02   1.56475020e+00   6.42086306e-01   7.60331289e-01
   6.13996651e-01   1.05544824e+00   1.54069843e+00   6.94729828e-01
   6.03056614e-01   2.59451181e-01   1.35990938e+00]
[  0.75897077   0.81786353   1.27592211   0.37654631   1.75121965
   1.52362944   1.06328035   1.62742351   0.1615318    1.08623721
   1.36298758   0.63695468   0.74773078   0.58499084   0.82125481
   0.53110933   0.95275967   0.94420302   0.32295634   0.6670891
   1.4217104    0.59093924   1.12462858   1.02121611   1.40940647
   1.11549471   0.86324397   1.17093193   0.80901447  51.81224312
   0.1511179    0.96615436   1.36650678   0.82649919   0.5299693
   1.15822438   0.92849863   0.14315109   1.11705307   1.46187128
   1.08928027   1.36786152   0.85703272   1.27947162   0.94444391
   0.96512008   1.06485794   1.07921581   0.75235322   1.40719388
   0.20708906]
[  0.67232701   0.46220569   0.37907416   1.0772376    0.47064273
   0.45090215   1.74090727   0.85154903   0.59485366   1.23165911
   1.43912477   1.02417272   1.1584987    1.71604594   1.66044702
   0.24499123   1.45180705   0.7946622    0.98969943   1.13330569
   1.52060204   0.78223358   0.9741454    1.66299212   0.74026177
   0.4855351    0.85834542   0.33551312   0.57869317   0.1511179
  51.0851488    0.21504872   1.17369899   1.08765756   0.95368926
   0.86847986   0.39980869   0.83708395   0.95932381   1.47792368
   1.82956388   0.91864385   1.09592928   1.13074961   1.213973
   0.98377081   0.63059993   0.68204723   0.85083218   1.70922867
   0.78755233]
[  1.16227317   1.14329799   1.38910521   1.19756231   0.96440975
   1.23541863   0.90084453   1.18823286   0.93007783   0.53543199
   1.36264569   0.79080578   1.23597959   0.42885348   0.89864004
   1.79358847   0.3632052    1.00783742   1.50773323   0.99855636
   0.24793203   1.53120291   1.16014674   0.45042527   1.32648664
   1.19409821   0.47656392   0.2071653    0.52553745   0.96615436
   0.21504872  52.50234749   1.09332152   0.42940386   0.75751309
   0.73562635   0.21027894   0.78567434   0.96617863   1.25676195
   1.59686986   1.64880826   0.71958295   1.01628884   0.38822113
   0.68178903   1.14592733   0.69041752   0.52897463   1.33261976
   0.79940109]
[  0.43121508   1.09316166   0.93722749   1.1209587    0.70783148
   0.8060616    1.18954416   1.03790305   0.50871919   0.85276328
   0.50418034   0.1605547    0.96807851   1.15869279   0.79166244
   1.05733254   0.84270374   1.06190472   1.24471704   1.21824966
   0.64945198   0.85560294   0.86829466   0.43832909   1.1928192
   0.67437754   0.47285948   0.90716428   1.10262157   1.36650678
   1.17369899   1.09332152  52.22876858   1.69836988   0.08719899
   1.47288215   1.24996891   1.34068973   0.86691886   0.46466328
   1.70575355   1.53484108   1.02555452   1.4021544    1.53393952
   1.28483128   1.2295994    1.36030138   1.87000144   0.88532184
   0.56016438]
[  0.85505761   0.63548625   0.74056471   1.12834523   1.54429327
   0.91313474   1.24429372   1.30220283   0.91672248   0.78334793
   1.78451861   0.93471554   0.58895372   0.20627744   1.29624273
   1.45136493   1.11422732   1.18597386   0.98996775   0.91352137
   1.40441075   1.16177432   0.99344563   0.79045836   1.01117856
   1.0317605    1.01184403   1.51543555   1.58769956   0.82649919
   1.08765756   0.42940386   1.69836988  51.91326047   1.19493861
   0.6728491    1.02767638   1.41512524   0.83888918   0.84409965
   0.95284397   1.50271391   1.42206854   0.61426714   1.25618799
   1.3370922    1.09665728   0.86517976   1.55237342   1.03438012
   0.95305091]
[  1.01387029   0.21983851   0.26088991   1.01356875   0.82869647
   0.8838955    1.15749535   0.57504308   0.73360493   0.27569491   0.16123
   0.76446735   1.40822564   1.12243666   1.72455736   0.96360055
   1.15084646   0.45611937   0.60149252   1.69492141   0.9382704
   1.11608594   1.33556076   0.65861004   1.13931437   0.95135357
   0.99469649   0.33477389   0.95528572   0.5299693    0.95368926
   0.75751309   0.08719899   1.19493861  51.33436627   0.66614662
   0.63058189   0.71238618   1.28906435   0.69939005   0.72110985
   1.12245738   0.87739135   0.72720872   1.02029855   0.78025337
   1.16773502   0.41073012   1.05010969   1.28632153   1.27470474]
[  1.35835323   0.62764642   0.7396594    0.37391325   1.06107775
   0.78942645   0.9446361    1.06663826   1.06867492   1.01018298
   1.34379831   1.13445854   0.92613803   1.40412609   0.40404559
   0.89026198   0.51854676   1.04017068   1.17613124   1.22994128
   1.32479965   0.98301376   1.5840412    0.49829087   1.78961524
   0.95061233   0.15491806   0.63643695   0.41281662   1.15822438
   0.86847986   0.73562635   1.47288215   0.6728491    0.66614662
  52.35780768   1.31074394   0.96420761   0.21782646   0.74340085
   0.88173636   1.06344084   0.80842796   0.21380644   1.04798611
   1.09523145   1.13908557   0.91817188   1.03347849   1.06153943
   1.0882919 ]
[  1.16091017   0.44867045   0.99736259   1.16327302   1.4706942
   0.88947098   0.35118274   1.22206741   1.0448177    0.75654588
   1.12042633   1.16733517   0.99214819   1.77369429   1.68457622
   1.1577675    0.89257706   0.87238036   0.88976041   0.74363072
   0.43641427   0.97493653   0.95025026   0.21500292   1.10661542
   0.91561117   0.88246068   1.08719825   1.62314671   0.92849863
   0.39980869   0.21027894   1.24996891   1.02767638   0.63058189
   1.31074394  51.01040391   0.93131054   0.54569963   1.13985315
   0.78193335   1.27544012   1.20740591   0.72970005   1.49170705
   0.85751781   1.52181008   0.24914506   0.89852494   0.78516516
   0.8979066 ]
[  1.91107534   1.07076349   1.26478283   0.89905135   1.64179649
   0.90090328   1.27754498   1.26557739   1.07516963   1.69380297
   1.12763941   1.30636193   1.20688129   0.5885111    0.5318967    1.392259
   1.0658677    0.47436895   1.25979648   0.48863017   0.36154133
   0.63007828   1.07607996   1.71262873   1.10323024   0.34195084
   1.20605867   1.38751178   0.64572937   0.14315109   0.83708395
   0.78567434   1.34068973   1.41512524   0.71238618   0.96420761
   0.93131054  52.80703456   1.07815133   0.83197791   1.11362229
   0.66380159   1.49185133   1.53655522   0.50593367   0.19964024
   0.88395722   1.01999653   1.31675471   0.21465421   1.0577939 ]
[  1.02537609   0.98735153   1.01082446   1.17590237   1.8194671
   0.97066651   1.20505441   0.81843217   1.41445331   0.9657718
   0.95231811   0.2399123    1.07748538   1.02124295   1.19381515
   1.58966139   0.21796079   0.84755462   1.74496101   1.58091516
   0.78698878   1.21441171   1.01135329   1.21130067   0.44856165
   1.24062877   0.40902131   0.19358663   0.66359492   1.11705307
   0.95932381   0.96617863   0.86691886   0.83888918   1.28906435
   0.21782646   0.54569963   1.07815133  52.35111177   0.839875
   1.72965361   1.32063574   1.26841982   1.63987585   0.96465016
   1.14721296   0.25696953   1.05955988   1.66889372   0.56172368
   0.40725595]
[  0.08153302   1.17239344   1.56097249   0.22927937   0.6591087
   1.61997907   0.72689354   1.09302971   1.09432239   1.15074525
   1.58374453   0.52766902   1.18445996   0.98404553   1.27370661
   0.1065285    0.95513978   0.99849807   1.1521991    0.68805195
   1.27177044   0.90416257   0.36105771   1.05401927   0.34291948
   1.57424771   1.02254109   1.19692123   1.25451974   1.46187128
   1.47792368   1.25676195   0.46466328   0.84409965   0.69939005
   0.74340085   1.13985315   0.83197791   0.839875    51.63197035
   1.09635713   1.08809586   0.65162497   1.6469587    0.90883963
   0.10463377   0.97149445   0.21682849   0.37949911   1.7318393
   0.88928069]
[  9.75083230e-01   1.19170428e+00   1.63039971e+00   9.48016200e-01
   6.65409546e-01   1.55804890e+00   1.29110660e+00   8.74320348e-01
   1.53194539e+00   3.63770415e-01   4.55946819e-01   5.31595727e-01
   1.87709027e+00   6.52370060e-01   1.28090195e+00   1.55438673e+00
   1.39010116e+00   1.44853436e+00   8.81899426e-01   8.97854692e-01
   1.65212091e+00   2.04552970e-01   7.12724922e-01   9.38995941e-01
   1.11947277e+00   9.68519733e-01   1.09906772e+00   7.03335633e-01
   1.77554726e-02   1.08928027e+00   1.82956388e+00   1.59686986e+00
   1.70575355e+00   9.52843965e-01   7.21109849e-01   8.81736358e-01
   7.81933352e-01   1.11362229e+00   1.72965361e+00   1.09635713e+00
   5.15074388e+01   7.10356513e-01   1.84006854e+00   1.54111792e+00
   1.04598507e+00   1.71553086e+00   1.51318104e+00   1.00258934e+00
   7.82353571e-01   1.05506092e+00   1.35234812e+00]
[  1.68200467   1.01679646   0.64165754   0.93851301   0.57343685
   0.39810421   0.71321316   1.28233635   1.06374978   1.5482812
   1.19673618   0.52525303   1.74282299   0.78385697   0.87207968
   1.82122367   1.78190955   1.04922216   0.5515481    0.90205037
   0.92329003   1.4298227    1.21551177   0.44135661   0.84589343
   0.22615544   0.39854991   0.4154323    1.5647502    1.36786152
   0.91864385   1.64880826   1.53484108   1.50271391   1.12245738
   1.06344084   1.27544012   0.66380159   1.32063574   1.08809586
   0.71035651  51.21231195   1.60758115   0.63187493   0.98936111
   1.12521882   1.29757911   0.74572284   0.74868269   1.04120426
   0.51150126]
[  1.41745398   1.2012033    1.13445714   1.25756627   0.80961645
   0.58655426   0.45471953   1.0292055    1.55470043   1.85729862
   0.6514166    0.77769985   1.89656496   0.71513378   0.92889577
   0.32583755   1.03272109   0.30541845   1.51186028   0.57905204
   1.7386537    1.10044104   0.1456046    0.79105086   0.88099822
   0.42707076   1.51077489   1.42054149   0.64208631   0.85703272
   1.09592928   0.71958295   1.02555452   1.42206854   0.87739135
   0.80842796   1.20740591   1.49185133   1.26841982   0.65162497
   1.84006854   1.60758115  51.70273719   1.02567036   0.37558193
   0.78827463   0.26079127   1.02611111   1.34862857   0.69230693
   1.32304505]
[  0.9907322    1.17481485   0.15385244   1.12934247   1.07246434
   1.58161434   0.29588053   0.45769824   1.4629457    0.9659065
   0.81655309   0.74273849   1.38380879   1.06732861   0.54042307
   1.3169446    1.61232754   0.52644744   0.41587895   0.89384058
   1.34813472   1.56567344   1.63893186   0.85158393   1.63617834
   0.82693148   0.97077092   1.82111208   0.76033129   1.27947162
   1.13074961   1.01628884   1.4021544    0.61426714   0.72720872
   0.21380644   0.72970005   1.53655522   1.63987585   1.6469587
   1.54111792   0.63187493   1.02567036  51.35903259   0.88864505
   0.82655712   0.90525164   1.56821537   0.22074587   1.07051599
   1.59272743]
[  1.01174791   0.98981531   1.09122378   1.51667789   1.20042043
   0.8321777    0.61750348   0.74496553   1.60024625   0.70277311
   0.93221115   0.43324244   1.07562844   0.95866777   1.73326438
   1.03642801   0.8935799    1.46964792   0.13275284   1.37592343
   0.57716197   1.06212707   1.41839993   1.42219627   0.64657146
   0.07816755   0.83370728   1.81123387   0.61399665   0.94444391
   1.213973     0.38822113   1.53393952   1.25618799   1.02029855
   1.04798611   1.49170705   0.50593367   0.96465016   0.90883963
   1.04598507   0.98936111   0.37558193   0.88864505  52.44164932
   0.54685062   1.39283736   1.16856566   1.02010423   1.34322805
   1.2686503 ]
[  0.51153935   0.42922442   0.42437707   0.5470873    0.8968711
   1.14416323   0.75110805   0.92268756   1.50449194   1.14757941
   1.31284648   1.17475558   1.22541738   1.09508056   0.71177131
   0.53827884   0.91867237   1.49465697   0.99101807   0.69907057
   0.7933972    1.01834525   1.0506617    1.08770065   0.21321689
   1.75283453   1.15765172   0.41539858   1.05544824   0.96512008
   0.98377081   0.68178903   1.28483128   1.3370922    0.78025337
   1.09523145   0.85751781   0.19964024   1.14721296   0.10463377
   1.71553086   1.12521882   0.78827463   0.82655712   0.54685062
  52.53537969   1.20632679   1.42756962   1.06389109   0.98028383
   1.33202876]
[  0.25464314   0.72570507   0.95603331   1.24622449   1.01690232
   1.30473934   0.51882392   1.10523218   0.86718805   0.11732969
   0.86718019   0.99808467   1.865356     0.82070495   1.17986453
   1.1781292    1.10629566   1.39515033   1.50915442   1.38374368
   0.46182091   0.57787837   0.34040526   1.08433284   0.99381156
   1.12833144   1.47506267   0.14464719   1.54069843   1.06485794
   0.63059993   1.14592733   1.2295994    1.09665728   1.16773502
   1.13908557   1.52181008   0.88395722   0.25696953   0.97149445
   1.51318104   1.29757911   0.26079127   0.90525164   1.39283736
   1.20632679  51.10322166   0.66352839   1.27047079   0.5264215
   1.72398875]
[  1.09330618   1.29471736   0.39156845   1.44975602   1.00809321
   0.42687344   0.48805551   0.88941285   1.69453311   0.44616463
   0.80628365   1.19047083   0.83069091   1.33802605   1.65568018
   1.84199409   1.13183881   0.65582086   0.74996854   1.40658852
   0.87397007   0.18955875   1.14645163   1.1169725    1.02054301
   0.95592856   1.49931307   0.8548149    0.69472983   1.07921581
   0.68204723   0.69041752   1.36030138   0.86517976   0.41073012
   0.91817188   0.24914506   1.01999653   1.05955988   0.21682849
   1.00258934   0.74572284   1.02611111   1.56821537   1.16856566
   1.42756962   0.66352839  52.92803718   0.42880801   1.15793825
   0.94360537]
[  0.48301255   0.99783294   1.04669635   0.91685824   1.11750403
   1.12550054   0.72493385   1.57818709   1.22006878   0.93181732
   0.91735122   1.54123847   1.12610329   0.43871259   0.30830841
   0.80249178   1.38862607   0.61375939   0.88936938   1.54687375
   1.2878227    0.92243106   1.14631768   1.52204159   0.41974971
   1.45278637   1.81324276   0.7338684    0.60305661   0.75235322
   0.85083218   0.52897463   1.87000144   1.55237342   1.05010969
   1.03347849   0.89852494   1.31675471   1.66889372   0.37949911
   0.78235357   0.74868269   1.34862857   0.22074587   1.02010423
   1.06389109   1.27047079   0.42880801  51.45769369   0.85963455
   0.40096828]
[  1.25614583   1.63105406   1.03735419   0.26715031   0.64439029
   0.80869197   1.19765268   1.54446778   1.58665144   1.3164782
   0.80451194   1.03435637   0.45289993   1.08742176   0.93147791
   1.21879128   1.39107956   0.76010306   0.93359043   0.80416534
   1.62236889   0.81251955   1.15897515   1.19119342   1.38289618
   0.43211452   1.73047289   0.45881443   0.25945118   1.40719388
   1.70922867   1.33261976   0.88532184   1.03438012   1.28632153
   1.06153943   0.78516516   0.21465421   0.56172368   1.7318393
   1.05506092   1.04120426   0.69230693   1.07051599   1.34322805
   0.98028383   0.5264215    1.15793825   0.85963455  52.25182952
   0.96854361]
[  0.78796759   1.51296325   0.73922896   1.28737761   0.71954283
   1.66538634   0.97302884   0.48257534   1.38921642   1.50492984
   0.55572834   0.90406275   1.93745919   0.67606134   0.38022772
   1.5360288    0.82179724   0.61809368   1.38091216   0.64836971
   1.11751357   1.00224508   0.94231462   1.69789462   1.26159794
   1.85091306   0.58896225   1.09830974   1.35990938   0.20708906
   0.78755233   0.79940109   0.56016438   0.95305091   1.27470474
   1.0882919    0.8979066    1.0577939    0.40725595   0.88928069
   1.35234812   0.51150126   1.32304505   1.59272743   1.2686503
   1.33202876   1.72398875   0.94360537   0.40096828   0.96854361
  51.82577327]
